2.060061682412386119e+01 4.500742796194501238e+00 2.716235160157815631e+00 4.017886897321533368e+00
-1.847161850184681764e-01 -3.533277333358594147e-02 1.344109814794878510e-01 -8.490785043586290826e-02
1.248581771642635618e-01 6.592581795707486148e-02 -1.961540095812192019e-02 1.191732891627507129e+01
-2.000000000000000111e-01 -2.000000000000000111e-01 9.236265632816841986e+00 1.206547435891011100e-01
4.788363791686766291e+00 3.528936251825911974e+00 1.951670117859769249e+01 2.189175088491952081e+00
-2.000000000000000111e-01 -2.000000000000000111e-01 6.262027433659453912e+00 0.000000000000000000e+00
3.802223556631368240e+00 3.928366980097233618e+00 2.599705573875052522e+00 2.172070959886966079e+01
-2.000000000000000111e-01 -2.000000000000000111e-01 3.341921359286146309e+00 0.000000000000000000e+00
-1.999000000000000082e-02 -1.999000000000000082e-02 1.152153643447418752e+01 8.140654877253207522e-02
-2.000000000000000111e-01 -2.000000000000000111e-01 2.280669156121084562e+00 0.000000000000000000e+00
2.234837411886773850e+01 8.046755536042876855e+00 8.248550676610467036e+00 7.248867685484329471e+00
-7.444373511174036395e-02 -2.257091223055426865e-02 4.146920673918995104e-01 -2.716859818285116690e-02
5.413478987227771988e+00 3.226602483953576073e+00 2.459518629985830529e+01 1.339427086683868451e+00
-2.000000000000000111e-01 -2.000000000000000111e-01 2.511138536806095800e+01 0.000000000000000000e+00
6.069192133427588232e+00 8.087250237715993606e+00 3.620889818844557517e+00 2.459399407886121836e+01
-2.000000000000000111e-01 -2.000000000000000111e-01 -9.850733110220073058e-03 2.717453202425087611e+01
1.940330369481687356e+01 5.008248992087583895e-01 4.605822929470487992e+00 3.482108150479907849e+00
5.449431485871061298e+00 0.000000000000000000e+00 0.000000000000000000e+00 0.000000000000000000e+00
1.300027403837292539e+00 2.302968689877609876e+01 4.863649435226006901e+00 3.587211323427022869e+00
-1.994690388002896553e-01 4.358164936751475871e+00 0.000000000000000000e+00 0.000000000000000000e+00
3.017906397163020227e+00 3.636485992168706716e+00 2.183722935401619480e+01 3.253140953038677008e+00
1.604492214372085890e+00 0.000000000000000000e+00 0.000000000000000000e+00 0.000000000000000000e+00
1.746844467097431064e+01 9.018458684922716628e-01 1.383475833970675972e-01 1.379040219675169154e-01
-9.607010780516437101e-03 2.747863280198037828e+00 0.000000000000000000e+00 0.000000000000000000e+00
2.079751946769725635e+01 4.728299272619557181e-01 3.187896318917602834e+00 3.554993345591937359e+00
1.622259121832984619e+01 5.097102995689741650e-02 -1.075075631776071794e-01 0.000000000000000000e+00
2.748955662437444047e+00 2.309125002147008132e+01 7.550198509891456133e+00 6.905881947654769704e+00
-9.820000000000000603e-03 2.229205924990482046e+01 -2.473726950513702345e-03 0.000000000000000000e+00
1.535835648784738972e+01 1.046300835368806803e+00 1.120669363721353146e-01 2.501973635449200595e-01
1.510454037578855591e+01 -2.000000000000000111e-01 -3.006245079400600706e-01 -3.687067718022735141e-01
4.196061248433790247e+00 4.726596058869145800e+00 2.190933774566011394e+01 6.483812471214339013e+00
2.058549035877882960e-01 2.152147877077389282e+01 -1.700220224542657310e-01 -2.630712395040291172e-03
