2.128397410085353414e+01 2.114529290361735292e+01 1.978184846631755889e+01 2.027660798962586952e+01
2.148207199233636544e+01 1.849458103946614429e+01 1.824836250308580787e+01 -9.441771655683862008e+00
2.093521389683697365e+01 1.893388784225927068e+01 -4.282335373723153538e+00 1.766607037005183400e+01
2.029241083970810422e+01 9.745560124623171561e-01 -1.369443712664599466e-01 -6.607012739481363806e-01
-5.050132423387481140e-01 -3.624756034270258387e-01 1.170247950568390571e+01 0.000000000000000000e+00
-8.141267588977568748e-01 -7.522322981203584114e-01 1.784934666936933567e+01 -2.862554027932405987e+00
-1.196280018701083803e+00 -6.438794703201636827e-01 -7.633209402845571923e+00 1.857776922096931926e+01
-1.349340390816757917e+01 -1.410867864881313594e+01 -1.342529003069497051e+01 -1.133476107249011733e+01
1.073825892423131378e+01 1.077264344975675492e+01 1.601813296003676967e+01 1.407456676698210885e+01
1.750035378343854919e+00 1.346288517083278125e+00 2.035835486727799903e+01 -1.324037732028793490e+00
4.914694403315206905e+00 4.507752391178391882e+00 -4.625557721168152447e+00 1.741101263717867909e+01
7.161518754566298384e+00 -2.771597506003652817e-02 -4.045057028814125211e-01 -1.839178972920842703e-01
-8.352715266538528471e-01 -1.839223936953086946e+00 1.510319268061056097e-01 1.501301031159804111e+01
-3.208325296883873246e-01 -1.999782600855508075e-01 9.989936028608628504e+00 0.000000000000000000e+00
-2.000000000000000111e-01 -2.918195991241103737e-01 -4.458298576430475002e-01 1.550192864437770091e+01
-3.738088064449947900e+00 -3.828712604415013487e+00 -3.747942794988490700e+00 -3.925191639314928427e+00
2.109285198626342250e+01 2.139948261746144453e+01 2.272903358931881357e+01 1.651847891248658584e+01
1.656609912204631385e+00 1.349401552869572196e+00 2.269330312944752492e+01 -2.055086331211176898e+00
1.826461395401918253e+01 1.666103302499189809e+01 -3.578689941280518649e+00 1.356965029251850829e+01
1.367050154946201701e+01 1.289017933537334404e+00 -4.902950299591410932e-01 -4.133055015165005841e-01
-9.831037585005580892e-01 -4.126103495030602475e-01 1.823742275783753186e+01 4.219791506978803897e-01
-2.000000000000000111e-01 -2.000000000000000111e-01 2.106692727370406004e+01 0.000000000000000000e+00
-2.244501528362441878e+00 -1.818537926259376381e+00 -8.376720874733720734e+00 1.540045746181120556e+01
-9.584932669434108377e+00 -9.600885474872280057e+00 -9.509083245413018304e+00 -9.017115118421422437e+00
2.158439068439555442e+01 2.190504183523042414e+01 1.603295149343978920e+01 2.306436866435262800e+01
2.010204211464629864e+01 1.206403831260355375e+01 9.802346530487007215e+00 -2.457406313936886910e+00
1.661575047411006878e+01 9.334249630021586697e+00 -1.169885265862012247e+01 1.079533382020983900e+01
1.132291632606054499e+01 1.434805102937356802e-01 -1.080519419717499208e+00 -1.948878498258849179e-01
-1.376050713071466536e+00 -1.440086936558422126e+00 -2.227870430589787634e-02 1.542777365078379681e+01
-5.803932427053646315e-01 -1.484052567931495981e+00 1.351488025505293677e+01 -1.735570831123142366e+00
-4.529628885282022677e-01 -4.644513065117446549e-01 -4.303176320803014043e+00 2.211820616246332349e+01
-8.510583315793464720e+00 -8.347471435278114527e+00 -8.382157802357278698e+00 -6.993076239822003437e+00
8.526267093333760982e+00 9.651588263469722762e+00 9.168706329648328435e+00 1.606516934518376516e+01
3.630791502084469879e+00 3.241119531940898746e+00 -3.207210479543708193e+00 2.075415477237849871e+01
3.791995842960129703e+00 4.611880107477206892e+00 1.488244479888174610e+01 -4.100678619583221440e+00
2.285424857407522825e-01 7.226552083927193060e+00 -2.000000000000000111e-01 -2.800082883313018134e-01
-1.055537991082136973e+00 -1.296281492201657892e+00 5.417085657666489418e-01 1.019249797979912842e+01
-4.003610281136881222e-01 -2.000000000000000111e-01 -3.980000000000000204e-01 1.613775502747128598e+01
-1.098530203306541109e-01 -4.404596237847037132e-01 1.466942533688032668e+01 -8.891992710564344815e-02
-5.415648522566489653e+00 -5.336613045135021771e+00 -4.383420218678103275e+00 -5.576261387796026092e+00
2.110588565287918072e+01 2.140885964835452171e+01 2.040401824520116847e+01 1.975750494022682702e+01
2.135306512328521578e+01 1.781666759262694555e+01 -3.934601987265046841e+00 1.696722904392019871e+01
2.114762492506817537e+01 1.944237312487485525e+01 1.856920180386423880e+01 -6.224608785455640891e+00
2.068549298196694153e+01 1.354017697910118612e+00 -4.216971664041541112e-01 -2.384652497696033713e-01
-2.950924466264460144e-01 -5.738535446504183790e-03 1.722229183534718899e+01 3.174748589845474145e-01
-4.203963840465869684e-01 -4.875068768658472607e-01 -4.372243042746414510e+00 1.850898080116175848e+01
-6.534522351269032858e-02 1.407051647082694368e-01 2.103117019916168573e+01 -6.154878530926706226e+00
-1.079785556269965952e+01 -1.085973014860174324e+01 -1.032945018853528829e+01 -8.730887682624723922e+00
2.186838840248772797e+01 2.174088407613306018e+01 2.292430482023429050e+01 1.557764930032266548e+01
9.617741991844999561e+00 1.822044297959656944e+01 -5.245967616202192652e+00 6.681247577988306929e+00
1.215887554213714417e+01 8.000006182079907546e+00 2.206211333508701244e+01 -1.197862658378563694e+01
1.925936618948407997e+01 4.620225492029573999e+00 -8.198967663104256287e-01 -3.347501933626757076e+00
-4.631377958578670295e+00 -3.670044100800335052e+00 3.068977547802625594e+01 6.995723278036646287e-01
-4.011707799675292008e-01 -8.408350811447155015e-01 -7.152912068100700793e-01 1.451497483845405334e+01
-5.777934603192000917e-01 -3.430888416189065704e-01 2.194312479112965519e+01 -3.661249889435926885e+00
-7.633688978429902683e+00 -7.629412380990534537e+00 -7.306510648271066444e+00 -7.600396481861621645e+00
2.075779089119084730e+01 2.116229261767301395e+01 1.271682637977989216e+01 2.278072689750589674e+01
1.667957429224457044e+01 8.700526604086734395e+00 -9.780089707357115358e+00 1.068402790344866915e+01
1.928939397510420761e+01 1.554060571629636378e+01 1.163115894030424435e+01 -2.123458960097399206e+00
6.990629631469786887e+00 3.420998449063364921e-01 -2.603479906400074650e-01 0.000000000000000000e+00
-5.235251051503555075e+00 -3.270834893332000615e+00 6.723706232356106982e-01 2.941522838802831430e+01
-1.695935437243824839e-01 -3.490926933036961888e-01 -2.292470926005361509e+00 2.131857155310166618e+01
-2.277290735210860007e+00 -1.298983141868951918e+00 1.513986542130152024e+01 -5.789973423836732636e+00
-6.719618977815235539e+00 -6.803034329451170592e+00 -6.639839149058293977e+00 -5.973666961654815033e+00
2.190448152101512136e+01 1.247256506653751984e+01 2.143535769354009091e+01 2.128740485009212691e+01
-1.553893521434273284e+00 1.327738549975204485e+01 5.401327340176975689e+00 4.317920960457121815e+00
2.149264410816340032e+01 -2.821584082319275932e+00 5.731843835101394724e+00 3.352564907488812196e+00
-2.000000000000000111e-01 -1.220471751130530080e+00 1.928386079691895461e+01 2.120524355270756167e-01
1.527134590780917200e+01 8.916133988458982418e-02 -8.841062800619058082e-02 1.915056019498314818e-02
-4.224943698532842573e-01 1.123358870413876964e+01 -1.885785461769933224e-01 -5.559590225070377700e-01
2.140460934938181126e+01 -3.278496936244014393e+00 -1.370260186680124781e-01 -9.057394579991917549e-02
-2.934434724074193479e+00 -2.969333525415808861e+00 -3.058914966578920147e+00 -3.098862148502274483e+00
1.704161960390486996e+01 2.227539869525688587e+01 2.182684543135807331e+01 2.186916756763300285e+01
-2.810903056489200691e-01 2.292492719932938527e+01 6.491922635326665691e-01 1.101642866603265825e+00
7.344472935580347972e+00 -4.334361260000690663e+00 1.869543791855216952e+01 1.030437801093665584e+01
-6.441299913836086022e-01 -5.314554987069385755e-02 1.344837657905304162e+01 2.411009181240518495e-02
-2.459992554673661944e-02 1.789173372992843269e+01 9.371449792165628678e-02 -2.630563490659052484e-01
-2.350119887211703951e+00 2.236902057517588815e+01 2.012354620692627938e-01 1.335836542070360788e-01
1.381038847232172628e+01 -9.703638407552784173e+00 -2.847857715084486596e+00 -2.380157720832096757e+00
-5.494628694221002085e+00 -5.422241225602920878e+00 -5.392690799490456044e+00 -5.366176273168965061e+00
2.016564060341238829e+01 2.083141227214383306e+01 2.129038766735065025e+01 2.111973996400760711e+01
-3.581838603171807911e+00 2.147653289939871613e+01 7.978154441810693775e+00 8.854985353258049585e+00
1.932402641463682258e+01 -4.842011704071621736e+00 2.096814214417516098e+01 2.009464832768410858e+01
-1.215192527429929337e+00 -7.888391183784484451e-01 2.095400832413450942e+01 8.883586346791156885e-01
2.141821347153814170e-01 1.602751493529584437e+01 -1.150200872852421841e-01 -1.860568682814836283e-01
-1.629162716292129076e+01 2.064115713919685646e+01 -3.493760776470640483e-02 -1.142244686861318748e+00
2.103942371469992523e+01 -2.356990510875207079e+01 -8.962035385072232296e-01 -8.005582574455810674e-01
-1.133755078638341729e+01 -9.305741057935339455e+00 -1.154201504563284075e+01 -1.147978630169475167e+01
1.697251857850798729e+01 1.852779919681327669e+01 1.404008782415152368e+01 1.399805969589508514e+01
-1.453137681113528368e+00 4.109580198445491384e+00 1.477672424109942995e+01 1.680229845849482873e+00
1.900312556506006700e+01 -2.277945925118356918e+00 2.843095697062558713e+00 2.222968355843344845e+00
-6.492874734101229395e-01 -3.554185616219254218e-01 4.310116848880593210e+00 -2.884089455726360218e-01
1.136145804767044432e+01 7.103310299210850720e-02 -4.073255791603876963e-01 -4.221771532987274034e-01
-6.225533722986519303e-01 1.490226644819383317e+01 -1.640381029893808185e-01 -2.277138913958083877e-01
1.416560459353522283e+01 0.000000000000000000e+00 -3.764721651159570470e-01 -1.142343225391980605e-01
-7.655159391454923856e+00 -7.846964440336996027e+00 -7.817116811512141439e+00 -7.864082840206949143e+00
2.207495182382449173e+01 1.717042788172602741e+01 2.140403685933360123e+01 2.151047708503303824e+01
2.118058843137504965e+01 -2.960467663857744736e+00 2.927620602052428467e+00 2.471774272259178229e+00
-1.780161053002424554e+00 1.489475498543235510e+01 5.436190179514529319e+00 4.691591040059906348e+00
-2.078872060401968647e-01 -4.293399977014709101e-01 1.600799856492166384e+01 2.716627921614598873e-01
1.771308768950087398e+01 1.112303753571627807e+00 -2.702382596045658225e+00 -1.944569849094481384e+00
2.216350827806288493e+01 -1.726020840665342337e+00 -3.064924199576758435e-01 -2.234697518063983313e-01
-1.419825653047385217e+01 1.320147482294577834e+01 -5.660393607708824604e+00 -7.598329577020193071e+00
-1.733048430721297706e+01 -1.712513971415560832e+01 -1.735750691343335106e+01 -1.736904545883831830e+01
1.451401248009287848e+01 2.178296616291740406e+01 2.134093140452750248e+01 2.130953065972105520e+01
3.119154356264111083e+00 -5.008029084162942013e+00 1.760061855711092704e+01 6.139710231503821447e+00
-2.196960664449518763e+00 2.188957639601190763e+01 2.908370048322434620e+00 3.828380690630081240e+00
-4.181375017021997098e-01 -2.046353189069387568e-01 1.783682853961370540e+01 4.908804819143620657e-01
3.062578070676374775e+00 2.065663857003683646e+01 -1.389766280662633191e+00 -1.940253972565478380e+00
1.390878813437520911e+01 -4.741667838767501308e+00 -2.714936573813241605e+00 -1.861458050587058377e+00
-2.323770419030959378e+00 2.129040734531984924e+01 2.558371377070295938e-01 -8.863188151282619387e-02
-5.267326600831974126e+00 -5.237879829463455650e+00 -5.321878569657895852e+00 -5.338951908820434689e+00
1.801497108004505776e+01 1.635457201440712183e+01 1.426558391105607804e+01 1.445835995113237082e+01
1.990586614644882602e+01 -2.473208664229651355e+00 2.326456759165329569e+00 2.485438060808256910e+00
-2.168566730024341638e+00 1.880009561746703639e+01 2.574895396402413716e+00 3.026580656625199595e+00
-4.145724299897491916e-01 -6.434410499892100344e-01 6.616483969809777044e+00 0.000000000000000000e+00
2.892428374790953605e+00 1.819871329720003317e+01 -4.414333650963413014e+00 -4.752424166528578908e+00
1.355723598378216010e+01 -4.556233717106792369e-01 0.000000000000000000e+00 -2.053946017999999929e-01
-3.980000000000000204e-01 1.506499217961104087e+01 -1.655700712054425927e-01 -4.002438553054543657e-02
-3.854133180561740257e+00 -3.791144724216374939e+00 -3.978148290938641196e+00 -4.012919051418617045e+00
2.081535634105474841e+01 2.010477523157138435e+01 2.114090592547227132e+01 2.101108529092602595e+01
2.110833874160428536e+01 -2.780042232697480298e+00 1.009060297945574902e+01 1.242785141180493014e+01
-6.578062923596071698e+00 1.917479097171678859e+01 2.100161880570982831e+01 1.931350380827706914e+01
-1.143766818908928951e+00 -1.069585750810675417e+00 2.038869423994244556e+01 6.094914045121000434e-01
2.376847174380323668e+00 2.106245859807415854e+01 -7.333993914951731918e-01 -2.814732894817716935e-01
2.139423756221064465e+01 -1.961344786668014706e+01 -1.182051770312851913e+00 -1.386085611565862852e+00
-2.319959475214315958e+01 2.109375865497532843e+01 -7.874267948490294433e-01 -1.204799496246701684e+00
-1.128701677275894610e+01 -1.091956658317488582e+01 -1.125854604023694172e+01 -1.126432562498924028e+01
